    0.10000E-03    0.46858E+03
    0.10202E-03    0.47766E+03
    0.10408E-03    0.48692E+03
    0.10618E-03    0.49635E+03
    0.10833E-03    0.50597E+03
    0.11052E-03    0.51577E+03
    0.11275E-03    0.52576E+03
    0.11503E-03    0.53595E+03
    0.11735E-03    0.54633E+03
    0.11972E-03    0.55691E+03
    0.12214E-03    0.56770E+03
    0.12461E-03    0.57870E+03
    0.12712E-03    0.58991E+03
    0.12969E-03    0.60133E+03
    0.13231E-03    0.61298E+03
    0.13499E-03    0.62485E+03
    0.13771E-03    0.63695E+03
    0.14049E-03    0.64929E+03
    0.14333E-03    0.66186E+03
    0.14623E-03    0.67468E+03
    0.14918E-03    0.68774E+03
    0.15220E-03    0.70106E+03
    0.15527E-03    0.71464E+03
    0.15841E-03    0.72847E+03
    0.16161E-03    0.74258E+03
    0.16487E-03    0.75695E+03
    0.16820E-03    0.77161E+03
    0.17160E-03    0.78654E+03
    0.17507E-03    0.80177E+03
    0.17860E-03    0.81728E+03
    0.18221E-03    0.83310E+03
    0.18589E-03    0.84923E+03
    0.18965E-03    0.86566E+03
    0.19348E-03    0.88241E+03
    0.19739E-03    0.89948E+03
    0.20138E-03    0.91689E+03
    0.20544E-03    0.93462E+03
    0.20959E-03    0.95270E+03
    0.21383E-03    0.97113E+03
    0.21815E-03    0.98991E+03
    0.22255E-03    0.10091E+04
    0.22705E-03    0.10286E+04
    0.23164E-03    0.10485E+04
    0.23632E-03    0.10687E+04
    0.24109E-03    0.10894E+04
    0.24596E-03    0.11104E+04
    0.25093E-03    0.11319E+04
    0.25600E-03    0.11538E+04
    0.26117E-03    0.11761E+04
    0.26645E-03    0.11988E+04
    0.27183E-03    0.12220E+04
    0.27732E-03    0.12456E+04
    0.28292E-03    0.12696E+04
    0.28864E-03    0.12941E+04
    0.29447E-03    0.13191E+04
    0.30042E-03    0.13446E+04
    0.30649E-03    0.13705E+04
    0.31268E-03    0.13970E+04
    0.31899E-03    0.14239E+04
    0.32544E-03    0.14514E+04
    0.33201E-03    0.14794E+04
    0.33872E-03    0.15079E+04
    0.34556E-03    0.15370E+04
    0.35254E-03    0.15666E+04
    0.35966E-03    0.15968E+04
    0.36693E-03    0.16275E+04
    0.37434E-03    0.16589E+04
    0.38190E-03    0.16908E+04
    0.38962E-03    0.17234E+04
    0.39749E-03    0.17565E+04
    0.40552E-03    0.17903E+04
    0.41371E-03    0.18248E+04
    0.42207E-03    0.18599E+04
    0.43060E-03    0.18956E+04
    0.43929E-03    0.19321E+04
    0.44817E-03    0.19692E+04
    0.45722E-03    0.20070E+04
    0.46646E-03    0.20455E+04
    0.47588E-03    0.20848E+04
    0.48550E-03    0.21248E+04
    0.49530E-03    0.21655E+04
    0.50531E-03    0.22070E+04
    0.51552E-03    0.22493E+04
    0.52593E-03    0.22924E+04
    0.53656E-03    0.23363E+04
    0.54739E-03    0.23810E+04
    0.55845E-03    0.24266E+04
    0.56973E-03    0.24730E+04
    0.58124E-03    0.25202E+04
    0.59299E-03    0.25684E+04
    0.60496E-03    0.26174E+04
    0.61719E-03    0.26673E+04
    0.62965E-03    0.27182E+04
    0.64237E-03    0.27700E+04
    0.65535E-03    0.28228E+04
    0.66859E-03    0.28765E+04
    0.68210E-03    0.29312E+04
    0.69588E-03    0.29870E+04
    0.70993E-03    0.30437E+04
    0.72427E-03    0.31015E+04
    0.73891E-03    0.31604E+04
    0.75383E-03    0.32203E+04
    0.76906E-03    0.32813E+04
    0.78460E-03    0.33435E+04
    0.80045E-03    0.34067E+04
    0.81662E-03    0.34712E+04
    0.83311E-03    0.35367E+04
    0.84994E-03    0.36035E+04
    0.86711E-03    0.36714E+04
    0.88463E-03    0.37406E+04
    0.90250E-03    0.38110E+04
    0.92073E-03    0.38827E+04
    0.93933E-03    0.39557E+04
    0.95831E-03    0.40299E+04
    0.97767E-03    0.41055E+04
    0.99742E-03    0.41824E+04
    0.10176E-02    0.42607E+04
    0.10381E-02    0.43404E+04
    0.10591E-02    0.44214E+04
    0.10805E-02    0.45039E+04
    0.11023E-02    0.45878E+04
    0.11246E-02    0.46732E+04
    0.11473E-02    0.47600E+04
    0.11705E-02    0.48484E+04
    0.11941E-02    0.49382E+04
    0.12182E-02    0.50297E+04
    0.12429E-02    0.51226E+04
    0.12680E-02    0.52172E+04
    0.12936E-02    0.53134E+04
    0.13197E-02    0.54112E+04
    0.13464E-02    0.55106E+04
    0.13736E-02    0.56118E+04
    0.14013E-02    0.57146E+04
    0.14296E-02    0.58191E+04
    0.14585E-02    0.59253E+04
    0.14880E-02    0.60334E+04
    0.15180E-02    0.61431E+04
    0.15487E-02    0.62547E+04
    0.15800E-02    0.63681E+04
    0.16119E-02    0.64833E+04
    0.16445E-02    0.66004E+04
    0.16777E-02    0.67193E+04
    0.17116E-02    0.68401E+04
    0.17462E-02    0.69629E+04
    0.17814E-02    0.70875E+04
    0.18174E-02    0.72141E+04
    0.18541E-02    0.73427E+04
    0.18916E-02    0.74733E+04
    0.19298E-02    0.76058E+04
    0.19688E-02    0.77404E+04
    0.20086E-02    0.78770E+04
    0.20491E-02    0.80156E+04
    0.20905E-02    0.81563E+04
    0.21328E-02    0.82991E+04
    0.21758E-02    0.84440E+04
    0.22198E-02    0.85909E+04
    0.22646E-02    0.87400E+04
    0.23104E-02    0.88912E+04
    0.23571E-02    0.90445E+04
    0.24047E-02    0.92000E+04
    0.24533E-02    0.93576E+04
    0.25028E-02    0.95174E+04
    0.25534E-02    0.96793E+04
    0.26050E-02    0.98434E+04
    0.26576E-02    0.10010E+05
    0.27113E-02    0.10178E+05
    0.27660E-02    0.10349E+05
    0.28219E-02    0.10522E+05
    0.28789E-02    0.10697E+05
    0.29371E-02    0.10874E+05
    0.29964E-02    0.11053E+05
    0.30569E-02    0.11234E+05
    0.31187E-02    0.11418E+05
    0.31817E-02    0.11604E+05
    0.32460E-02    0.11792E+05
    0.33115E-02    0.11982E+05
    0.33784E-02    0.12174E+05
    0.34467E-02    0.12368E+05
    0.35163E-02    0.12565E+05
    0.35874E-02    0.12763E+05
    0.36598E-02    0.12963E+05
    0.37338E-02    0.13166E+05
    0.38092E-02    0.13370E+05
    0.38861E-02    0.13577E+05
    0.39646E-02    0.13785E+05
    0.40447E-02    0.13995E+05
    0.41264E-02    0.14207E+05
    0.42098E-02    0.14421E+05
    0.42948E-02    0.14637E+05
    0.43816E-02    0.14854E+05
    0.44701E-02    0.15073E+05
    0.45604E-02    0.15293E+05
    0.46525E-02    0.15516E+05
    0.47465E-02    0.15739E+05
    0.48424E-02    0.15964E+05
    0.49402E-02    0.16191E+05
    0.50400E-02    0.16419E+05
    0.51419E-02    0.16648E+05
    0.52457E-02    0.16878E+05
    0.53517E-02    0.17109E+05
    0.54598E-02    0.17341E+05
    0.55701E-02    0.17574E+05
    0.56826E-02    0.17808E+05
    0.57974E-02    0.18043E+05
    0.59145E-02    0.18278E+05
    0.60340E-02    0.18514E+05
    0.61559E-02    0.18750E+05
    0.62803E-02    0.18987E+05
    0.64072E-02    0.19223E+05
    0.65366E-02    0.19460E+05
    0.66686E-02    0.19696E+05
    0.68033E-02    0.19933E+05
    0.69408E-02    0.20169E+05
    0.70810E-02    0.20404E+05
    0.72240E-02    0.20639E+05
    0.73700E-02    0.20873E+05
    0.75189E-02    0.21106E+05
    0.76708E-02    0.21338E+05
    0.78257E-02    0.21568E+05
    0.79838E-02    0.21797E+05
    0.81451E-02    0.22025E+05
    0.83096E-02    0.22250E+05
    0.84775E-02    0.22474E+05
    0.86488E-02    0.22695E+05
    0.88235E-02    0.22914E+05
    0.90017E-02    0.23130E+05
    0.91836E-02    0.23343E+05
    0.93691E-02    0.23553E+05
    0.95583E-02    0.23760E+05
    0.97514E-02    0.23963E+05
    0.99484E-02    0.24162E+05
    0.10149E-01    0.24357E+05
    0.10354E-01    0.24548E+05
    0.10564E-01    0.24734E+05
    0.10777E-01    0.24916E+05
    0.10995E-01    0.25092E+05
    0.11217E-01    0.25262E+05
    0.11443E-01    0.25427E+05
    0.11675E-01    0.25586E+05
    0.11910E-01    0.25739E+05
    0.12151E-01    0.25886E+05
    0.12397E-01    0.26025E+05
    0.12647E-01    0.26159E+05
    0.12902E-01    0.26284E+05
    0.13163E-01    0.26402E+05
    0.13429E-01    0.26511E+05
    0.13700E-01    0.26610E+05
    0.13977E-01    0.26699E+05
    0.14259E-01    0.26779E+05
    0.14547E-01    0.26851E+05
    0.14841E-01    0.26917E+05
    0.15141E-01    0.26976E+05
    0.15447E-01    0.27031E+05
    0.15759E-01    0.27079E+05
    0.16077E-01    0.27119E+05
    0.16402E-01    0.27146E+05
    0.16734E-01    0.27159E+05
    0.17072E-01    0.27156E+05
    0.17416E-01    0.27137E+05
    0.17768E-01    0.27104E+05
    0.18127E-01    0.27059E+05
    0.18493E-01    0.27001E+05
    0.18867E-01    0.26934E+05
    0.19248E-01    0.26855E+05
    0.19637E-01    0.26762E+05
    0.20034E-01    0.26656E+05
    0.20438E-01    0.26533E+05
    0.20851E-01    0.26393E+05
    0.21272E-01    0.26236E+05
    0.21702E-01    0.26066E+05
    0.22141E-01    0.25882E+05
    0.22588E-01    0.25687E+05
    0.23044E-01    0.25483E+05
    0.23510E-01    0.25269E+05
    0.23985E-01    0.25047E+05
    0.24469E-01    0.24814E+05
    0.24964E-01    0.24573E+05
    0.25468E-01    0.24322E+05
    0.25982E-01    0.24062E+05
    0.26507E-01    0.23792E+05
    0.27043E-01    0.23510E+05
    0.27589E-01    0.23216E+05
    0.28146E-01    0.22911E+05
    0.28715E-01    0.22595E+05
    0.29295E-01    0.22271E+05
    0.29887E-01    0.21940E+05
    0.30490E-01    0.21604E+05
    0.31106E-01    0.21264E+05
    0.31735E-01    0.20922E+05
    0.32376E-01    0.20578E+05
    0.33030E-01    0.20232E+05
    0.33697E-01    0.19884E+05
    0.34378E-01    0.19536E+05
    0.35072E-01    0.19189E+05
    0.35781E-01    0.18843E+05
    0.36504E-01    0.18500E+05
    0.37241E-01    0.18161E+05
    0.37993E-01    0.17826E+05
    0.38761E-01    0.17498E+05
    0.39544E-01    0.17175E+05
    0.40343E-01    0.16859E+05
    0.41158E-01    0.16549E+05
    0.41989E-01    0.16247E+05
    0.42838E-01    0.15954E+05
    0.43703E-01    0.15670E+05
    0.44586E-01    0.15397E+05
    0.45486E-01    0.15135E+05
    0.46405E-01    0.14886E+05
    0.47343E-01    0.14649E+05
    0.48299E-01    0.14422E+05
    0.49275E-01    0.14205E+05
    0.50270E-01    0.13997E+05
    0.51286E-01    0.13797E+05
    0.52322E-01    0.13605E+05
    0.53379E-01    0.13419E+05
    0.54457E-01    0.13239E+05
    0.55557E-01    0.13063E+05
    0.56680E-01    0.12892E+05
    0.57825E-01    0.12724E+05
    0.58993E-01    0.12557E+05
    0.60184E-01    0.12391E+05
    0.61400E-01    0.12222E+05
    0.62641E-01    0.12048E+05
    0.63906E-01    0.11868E+05
    0.65197E-01    0.11683E+05
    0.66514E-01    0.11493E+05
    0.67858E-01    0.11296E+05
    0.69229E-01    0.11087E+05
    0.70627E-01    0.10864E+05
    0.72054E-01    0.10625E+05
    0.73510E-01    0.10372E+05
    0.74994E-01    0.10107E+05
    0.76509E-01    0.98331E+04
    0.78055E-01    0.95503E+04
    0.79632E-01    0.92603E+04
    0.81241E-01    0.89656E+04
    0.82882E-01    0.86687E+04
    0.84556E-01    0.83722E+04
    0.86264E-01    0.80785E+04
    0.88007E-01    0.77902E+04
    0.89785E-01    0.75099E+04
    0.91598E-01    0.72402E+04
    0.93449E-01    0.69835E+04
    0.95337E-01    0.67420E+04
    0.97263E-01    0.65179E+04
    0.99227E-01    0.63127E+04
    0.10123E+00    0.61271E+04
    0.10328E+00    0.59614E+04
    0.10536E+00    0.58146E+04
    0.10749E+00    0.56848E+04
    0.10966E+00    0.55697E+04
    0.11188E+00    0.54656E+04
    0.11414E+00    0.53691E+04
    0.11644E+00    0.52762E+04
    0.11880E+00    0.51831E+04
    0.12120E+00    0.50865E+04
    0.12365E+00    0.49830E+04
    0.12614E+00    0.48704E+04
    0.12869E+00    0.47468E+04
    0.13129E+00    0.46114E+04
    0.13394E+00    0.44644E+04
    0.13665E+00    0.43072E+04
    0.13941E+00    0.41421E+04
    0.14223E+00    0.39723E+04
    0.14510E+00    0.38017E+04
    0.14803E+00    0.36347E+04
    0.15102E+00    0.34753E+04
    0.15407E+00    0.33277E+04
    0.15718E+00    0.31948E+04
    0.16036E+00    0.30782E+04
    0.16360E+00    0.29779E+04
    0.16690E+00    0.28923E+04
    0.17028E+00    0.28188E+04
    0.17371E+00    0.27539E+04
    0.17722E+00    0.26939E+04
    0.18080E+00    0.26348E+04
    0.18446E+00    0.25725E+04
    0.18818E+00    0.25037E+04
    0.19198E+00    0.24261E+04
    0.19586E+00    0.23397E+04
    0.19982E+00    0.22463E+04
    0.20386E+00    0.21494E+04
    0.20797E+00    0.20525E+04
    0.21218E+00    0.19594E+04
    0.21646E+00    0.18732E+04
    0.22083E+00    0.17964E+04
    0.22530E+00    0.17302E+04
    0.22985E+00    0.16738E+04
    0.23449E+00    0.16250E+04
    0.23923E+00    0.15805E+04
    0.24406E+00    0.15371E+04
    0.24899E+00    0.14916E+04
    0.25402E+00    0.14420E+04
    0.25915E+00    0.13878E+04
    0.26439E+00    0.13302E+04
    0.26973E+00    0.12718E+04
    0.27518E+00    0.12153E+04
    0.28074E+00    0.11630E+04
    0.28641E+00    0.11163E+04
    0.29219E+00    0.10755E+04
    0.29810E+00    0.10393E+04
    0.30412E+00    0.10057E+04
    0.31026E+00    0.97243E+03
    0.31653E+00    0.93784E+03
    0.32292E+00    0.90147E+03
    0.32945E+00    0.86393E+03
    0.33610E+00    0.82669E+03
    0.34289E+00    0.79137E+03
    0.34982E+00    0.75907E+03
    0.35689E+00    0.72987E+03
    0.36409E+00    0.70305E+03
    0.37145E+00    0.67749E+03
    0.37895E+00    0.65206E+03
    0.38661E+00    0.62619E+03
    0.39442E+00    0.60016E+03
    0.40239E+00    0.57478E+03
    0.41052E+00    0.55074E+03
    0.41881E+00    0.52843E+03
    0.42727E+00    0.50769E+03
    0.43590E+00    0.48789E+03
    0.44471E+00    0.46851E+03
    0.45369E+00    0.44933E+03
    0.46286E+00    0.43048E+03
    0.47221E+00    0.41238E+03
    0.48174E+00    0.39528E+03
    0.49148E+00    0.37912E+03
    0.50141E+00    0.36371E+03
    0.51153E+00    0.34874E+03
    0.52187E+00    0.33415E+03
    0.53241E+00    0.32002E+03
    0.54317E+00    0.30652E+03
    0.55414E+00    0.29369E+03
    0.56533E+00    0.28141E+03
    0.57675E+00    0.26956E+03
    0.58840E+00    0.25813E+03
    0.60029E+00    0.24715E+03
    0.61242E+00    0.23663E+03
    0.62479E+00    0.22654E+03
    0.63741E+00    0.21687E+03
    0.65029E+00    0.20758E+03
    0.66342E+00    0.19867E+03
    0.67683E+00    0.19012E+03
    0.69050E+00    0.18191E+03
    0.70445E+00    0.17404E+03
    0.71868E+00    0.16649E+03
    0.73320E+00    0.15925E+03
    0.74801E+00    0.15231E+03
    0.76312E+00    0.14566E+03
    0.77854E+00    0.13928E+03
    0.79426E+00    0.13317E+03
    0.81031E+00    0.12732E+03
    0.82668E+00    0.12171E+03
    0.84338E+00    0.11633E+03
    0.86041E+00    0.11119E+03
    0.87780E+00    0.10626E+03
    0.89553E+00    0.10154E+03
    0.91362E+00    0.97019E+02
    0.93208E+00    0.92693E+02
    0.95091E+00    0.88552E+02
    0.97011E+00    0.84589E+02
    0.98971E+00    0.80796E+02
    0.10097E+01    0.77166E+02
    0.10301E+01    0.73694E+02
    0.10509E+01    0.70371E+02
    0.10721E+01    0.67192E+02
    0.10938E+01    0.64152E+02
    0.11159E+01    0.61244E+02
    0.11384E+01    0.58463E+02
    0.11614E+01    0.55804E+02
    0.11849E+01    0.53261E+02
    0.12088E+01    0.50830E+02
    0.12333E+01    0.48506E+02
    0.12582E+01    0.46284E+02
    0.12836E+01    0.44161E+02
    0.13095E+01    0.42132E+02
    0.13360E+01    0.40193E+02
    0.13630E+01    0.38340E+02
    0.13905E+01    0.36570E+02
    0.14186E+01    0.34879E+02
    0.14472E+01    0.33263E+02
    0.14765E+01    0.31720E+02
    0.15063E+01    0.30246E+02
    0.15367E+01    0.28839E+02
    0.15678E+01    0.27495E+02
    0.15994E+01    0.26212E+02
    0.16318E+01    0.24987E+02
    0.16647E+01    0.23818E+02
    0.16984E+01    0.22701E+02
    0.17327E+01    0.21636E+02
    0.17677E+01    0.20619E+02
    0.18034E+01    0.19649E+02
    0.18398E+01    0.18723E+02
    0.18770E+01    0.17839E+02
    0.19149E+01    0.16997E+02
    0.19536E+01    0.16192E+02
    0.19930E+01    0.15425E+02
    0.20333E+01    0.14694E+02
    0.20744E+01    0.13996E+02
    0.21163E+01    0.13330E+02
    0.21590E+01    0.12696E+02
    0.22026E+01    0.12090E+02
    0.22471E+01    0.11513E+02
    0.22925E+01    0.10963E+02
    0.23388E+01    0.10438E+02
    0.23861E+01    0.99384E+01
    0.24343E+01    0.94617E+01
    0.24835E+01    0.90074E+01
    0.25336E+01    0.85744E+01
    0.25848E+01    0.81617E+01
    0.26370E+01    0.77685E+01
    0.26903E+01    0.73937E+01
    0.27447E+01    0.70367E+01
    0.28001E+01    0.66965E+01
    0.28567E+01    0.63724E+01
    0.29144E+01    0.60637E+01
    0.29733E+01    0.57696E+01
    0.30333E+01    0.54894E+01
    0.30946E+01    0.52226E+01
    0.31571E+01    0.49685E+01
    0.32209E+01    0.47265E+01
    0.32860E+01    0.44960E+01
    0.33523E+01    0.42766E+01
    0.34201E+01    0.40676E+01
    0.34892E+01    0.38687E+01
    0.35596E+01    0.36793E+01
    0.36316E+01    0.34990E+01
    0.37049E+01    0.33274E+01
    0.37798E+01    0.31640E+01
    0.38561E+01    0.30085E+01
    0.39340E+01    0.28606E+01
    0.40135E+01    0.27197E+01
    0.40946E+01    0.25857E+01
    0.41773E+01    0.24582E+01
    0.42617E+01    0.23368E+01
    0.43478E+01    0.22214E+01
    0.44356E+01    0.21115E+01
    0.45252E+01    0.20070E+01
    0.46166E+01    0.19076E+01
    0.47099E+01    0.18130E+01
    0.48050E+01    0.17231E+01
    0.49021E+01    0.16375E+01
    0.50011E+01    0.15561E+01
    0.51021E+01    0.14787E+01
    0.52052E+01    0.14051E+01
    0.53104E+01    0.13351E+01
    0.54176E+01    0.12685E+01
    0.55271E+01    0.12052E+01
    0.56387E+01    0.11450E+01
    0.57526E+01    0.10878E+01
    0.58689E+01    0.10333E+01
    0.59874E+01    0.98159E+00
    0.61084E+01    0.93239E+00
    0.62318E+01    0.88560E+00
    0.63577E+01    0.84113E+00
    0.64861E+01    0.79885E+00
    0.66171E+01    0.75865E+00
    0.67508E+01    0.72045E+00
    0.68872E+01    0.68414E+00
    0.70263E+01    0.64963E+00
    0.71682E+01    0.61684E+00
    0.73130E+01    0.58569E+00
    0.74608E+01    0.55609E+00
    0.76115E+01    0.52797E+00
    0.77653E+01    0.50126E+00
    0.79221E+01    0.47589E+00
    0.80822E+01    0.45179E+00
    0.82454E+01    0.42891E+00
    0.84120E+01    0.40718E+00
    0.85819E+01    0.38655E+00
    0.87553E+01    0.36695E+00
    0.89322E+01    0.34835E+00
